#----------------------------------------------------------------------
# Basis Set Exchange
# Version v0.9
# https://www.basissetexchange.org
#----------------------------------------------------------------------
#   Basis set: cc-pVDZ
# Description: cc-pVDZ
#        Role: orbital
#     Version: 1  (Data from ccRepo/Grant Hill)
#----------------------------------------------------------------------


$basis
*
h cc-pVDZ
*
    4   s
      1.301000D+01           1.968500D-02
      1.962000D+00           1.379770D-01
      4.446000D-01           4.781480D-01
      1.220000D-01           5.012400D-01
    1   s
      1.220000D-01           1.000000D+00
    1   p
      7.270000D-01           1.0000000
*
he cc-pVDZ
*
    4   s
      3.836000D+01           2.380900D-02
      5.770000D+00           1.548910D-01
      1.240000D+00           4.699870D-01
      2.976000D-01           5.130270D-01
    1   s
      2.976000D-01           1.000000D+00
    1   p
      1.275000D+00           1.0000000
*
li cc-pVDZ
*
    9   s
      1.469000D+03           7.660000D-04
      2.205000D+02           5.892000D-03
      5.026000D+01           2.967100D-02
      1.424000D+01           1.091800D-01
      4.581000D+00           2.827890D-01
      1.580000D+00           4.531230D-01
      5.640000D-01           2.747740D-01
      7.345000D-02           9.751000D-03
      2.805000D-02          -3.180000D-03
    9   s
      1.469000D+03          -1.200000D-04
      2.205000D+02          -9.230000D-04
      5.026000D+01          -4.689000D-03
      1.424000D+01          -1.768200D-02
      4.581000D+00          -4.890200D-02
      1.580000D+00          -9.600900D-02
      5.640000D-01          -1.363800D-01
      7.345000D-02           5.751020D-01
      2.805000D-02           5.176610D-01
    1   s
      2.805000D-02           1.000000D+00
    4   p
      1.534000D+00           2.278400D-02
      2.749000D-01           1.391070D-01
      7.362000D-02           5.003750D-01
      2.403000D-02           5.084740D-01
    1   p
      2.403000D-02           1.000000D+00
    1   d
      1.144000D-01           1.0000000
*
be cc-pVDZ
*
    9   s
      2.940000D+03           6.800000D-04
      4.412000D+02           5.236000D-03
      1.005000D+02           2.660600D-02
      2.843000D+01           9.999300D-02
      9.169000D+00           2.697020D-01
      3.196000D+00           4.514690D-01
      1.159000D+00           2.950740D-01
      1.811000D-01           1.258700D-02
      5.890000D-02          -3.756000D-03
    9   s
      2.940000D+03          -1.230000D-04
      4.412000D+02          -9.660000D-04
      1.005000D+02          -4.831000D-03
      2.843000D+01          -1.931400D-02
      9.169000D+00          -5.328000D-02
      3.196000D+00          -1.207230D-01
      1.159000D+00          -1.334350D-01
      1.811000D-01           5.307670D-01
      5.890000D-02           5.801170D-01
    1   s
      5.890000D-02           1.000000D+00
    4   p
      3.619000D+00           2.911100D-02
      7.110000D-01           1.693650D-01
      1.951000D-01           5.134580D-01
      6.018000D-02           4.793380D-01
    1   p
      6.018000D-02           1.000000D+00
    1   d
      2.354000D-01           1.0000000
*
b cc-pVDZ
*
    9   s
      4.570000D+03           6.960000D-04
      6.859000D+02           5.353000D-03
      1.565000D+02           2.713400D-02
      4.447000D+01           1.013800D-01
      1.448000D+01           2.720550D-01
      5.131000D+00           4.484030D-01
      1.898000D+00           2.901230D-01
      3.329000D-01           1.432200D-02
      1.043000D-01          -3.486000D-03
    9   s
      4.570000D+03          -1.390000D-04
      6.859000D+02          -1.097000D-03
      1.565000D+02          -5.444000D-03
      4.447000D+01          -2.191600D-02
      1.448000D+01          -5.975100D-02
      5.131000D+00          -1.387320D-01
      1.898000D+00          -1.314820D-01
      3.329000D-01           5.395260D-01
      1.043000D-01           5.807740D-01
    1   s
      1.043000D-01           1.000000D+00
    4   p
      6.001000D+00           3.548100D-02
      1.241000D+00           1.980720D-01
      3.364000D-01           5.052300D-01
      9.538000D-02           4.794990D-01
    1   p
      9.538000D-02           1.000000D+00
    1   d
      3.430000D-01           1.0000000
*
c cc-pVDZ
*
    9   s
      6.665000D+03           6.920000D-04
      1.000000D+03           5.329000D-03
      2.280000D+02           2.707700D-02
      6.471000D+01           1.017180D-01
      2.106000D+01           2.747400D-01
      7.495000D+00           4.485640D-01
      2.797000D+00           2.850740D-01
      5.215000D-01           1.520400D-02
      1.596000D-01          -3.191000D-03
    9   s
      6.665000D+03          -1.460000D-04
      1.000000D+03          -1.154000D-03
      2.280000D+02          -5.725000D-03
      6.471000D+01          -2.331200D-02
      2.106000D+01          -6.395500D-02
      7.495000D+00          -1.499810D-01
      2.797000D+00          -1.272620D-01
      5.215000D-01           5.445290D-01
      1.596000D-01           5.804960D-01
    1   s
      1.596000D-01           1.000000D+00
    4   p
      9.439000D+00           3.810900D-02
      2.002000D+00           2.094800D-01
      5.456000D-01           5.085570D-01
      1.517000D-01           4.688420D-01
    1   p
      1.517000D-01           1.000000D+00
    1   d
      5.500000D-01           1.0000000
*
n cc-pVDZ
*
    9   s
      9.046000D+03           7.000000D-04
      1.357000D+03           5.389000D-03
      3.093000D+02           2.740600D-02
      8.773000D+01           1.032070D-01
      2.856000D+01           2.787230D-01
      1.021000D+01           4.485400D-01
      3.838000D+00           2.782380D-01
      7.466000D-01           1.544000D-02
      2.248000D-01          -2.864000D-03
    9   s
      9.046000D+03          -1.530000D-04
      1.357000D+03          -1.208000D-03
      3.093000D+02          -5.992000D-03
      8.773000D+01          -2.454400D-02
      2.856000D+01          -6.745900D-02
      1.021000D+01          -1.580780D-01
      3.838000D+00          -1.218310D-01
      7.466000D-01           5.490030D-01
      2.248000D-01           5.788150D-01
    1   s
      2.248000D-01           1.000000D+00
    4   p
      1.355000D+01           3.991900D-02
      2.917000D+00           2.171690D-01
      7.973000D-01           5.103190D-01
      2.185000D-01           4.622140D-01
    1   p
      2.185000D-01           1.000000D+00
    1   d
      8.170000D-01           1.0000000
*
o cc-pVDZ
*
    9   s
      1.172000D+04           7.100000D-04
      1.759000D+03           5.470000D-03
      4.008000D+02           2.783700D-02
      1.137000D+02           1.048000D-01
      3.703000D+01           2.830620D-01
      1.327000D+01           4.487190D-01
      5.025000D+00           2.709520D-01
      1.013000D+00           1.545800D-02
      3.023000D-01          -2.585000D-03
    9   s
      1.172000D+04          -1.600000D-04
      1.759000D+03          -1.263000D-03
      4.008000D+02          -6.267000D-03
      1.137000D+02          -2.571600D-02
      3.703000D+01          -7.092400D-02
      1.327000D+01          -1.654110D-01
      5.025000D+00          -1.169550D-01
      1.013000D+00           5.573680D-01
      3.023000D-01           5.727590D-01
    1   s
      3.023000D-01           1.000000D+00
    4   p
      1.770000D+01           4.301800D-02
      3.854000D+00           2.289130D-01
      1.046000D+00           5.087280D-01
      2.753000D-01           4.605310D-01
    1   p
      2.753000D-01           1.000000D+00
    1   d
      1.185000D+00           1.0000000
*
f cc-pVDZ
*
    9   s
      1.471000D+04           7.210000D-04
      2.207000D+03           5.553000D-03
      5.028000D+02           2.826700D-02
      1.426000D+02           1.064440D-01
      4.647000D+01           2.868140D-01
      1.670000D+01           4.486410D-01
      6.356000D+00           2.647610D-01
      1.316000D+00           1.533300D-02
      3.897000D-01          -2.332000D-03
    9   s
      1.471000D+04          -1.650000D-04
      2.207000D+03          -1.308000D-03
      5.028000D+02          -6.495000D-03
      1.426000D+02          -2.669100D-02
      4.647000D+01          -7.369000D-02
      1.670000D+01          -1.707760D-01
      6.356000D+00          -1.123270D-01
      1.316000D+00           5.628140D-01
      3.897000D-01           5.687780D-01
    1   s
      3.897000D-01           1.000000D+00
    4   p
      2.267000D+01           4.487800D-02
      4.977000D+00           2.357180D-01
      1.347000D+00           5.085210D-01
      3.471000D-01           4.581200D-01
    1   p
      3.471000D-01           1.000000D+00
    1   d
      1.640000D+00           1.0000000
*
ne cc-pVDZ
*
    9   s
      1.788000D+04           7.380000D-04
      2.683000D+03           5.677000D-03
      6.115000D+02           2.888300D-02
      1.735000D+02           1.085400D-01
      5.664000D+01           2.909070D-01
      2.042000D+01           4.483240D-01
      7.810000D+00           2.580260D-01
      1.653000D+00           1.506300D-02
      4.869000D-01          -2.100000D-03
    9   s
      1.788000D+04          -1.720000D-04
      2.683000D+03          -1.357000D-03
      6.115000D+02          -6.737000D-03
      1.735000D+02          -2.766300D-02
      5.664000D+01          -7.620800D-02
      2.042000D+01          -1.752270D-01
      7.810000D+00          -1.070380D-01
      1.653000D+00           5.670500D-01
      4.869000D-01           5.652160D-01
    1   s
      4.869000D-01           1.000000D+00
    4   p
      2.839000D+01           4.608700D-02
      6.270000D+00           2.401810D-01
      1.695000D+00           5.087440D-01
      4.317000D-01           4.556600D-01
    1   p
      4.317000D-01           1.000000D+00
    1   d
      2.202000D+00           1.0000000
*
$end
