#----------------------------------------------------------------------
# Basis Set Exchange
# Version v0.9
# https://www.basissetexchange.org
#----------------------------------------------------------------------
#   Basis set: cc-pVTZ
# Description: cc-pVTZ
#        Role: orbital
#     Version: 1  (Data from ccRepo/Grant Hill)
#----------------------------------------------------------------------


$basis
*
h cc-pVTZ
*
    1   s
      3.258000D-01           1.000000D+00
    5   s
      3.387000D+01           6.068000D-03
      5.095000D+00           4.530800D-02
      1.159000D+00           2.028220D-01
      3.258000D-01           5.039030D-01
      1.027000D-01           3.834210D-01
    1   s
      1.027000D-01           1.000000D+00
    1   p
      1.407000D+00           1.000000D+00
    1   p
      3.880000D-01           1.000000D+00
    1   d
      1.057000D+00           1.0000000
*
he cc-pVTZ
*
    1   s
      6.669000D-01           1.000000D+00
    6   s
      2.340000D+02           2.587000D-03
      3.516000D+01           1.953300D-02
      7.989000D+00           9.099800D-02
      2.212000D+00           2.720500D-01
      6.669000D-01           4.780650D-01
      2.089000D-01           3.077370D-01
    1   s
      2.089000D-01           1.000000D+00
    1   p
      3.044000D+00           1.000000D+00
    1   p
      7.580000D-01           1.000000D+00
    1   d
      1.965000D+00           1.0000000
*
li cc-pVTZ
*
    11   s
      5.988000D+03           1.330000D-04
      8.989000D+02           1.025000D-03
      2.059000D+02           5.272000D-03
      5.924000D+01           2.092900D-02
      1.987000D+01           6.634000D-02
      7.406000D+00           1.657750D-01
      2.930000D+00           3.150380D-01
      1.189000D+00           3.935230D-01
      4.798000D-01           1.908700D-01
      7.509000D-02           5.414000D-03
      2.832000D-02          -1.328000D-03
    1   s
      7.509000D-02           1.000000D+00
    11   s
      5.988000D+03          -2.100000D-05
      8.989000D+02          -1.610000D-04
      2.059000D+02          -8.200000D-04
      5.924000D+01          -3.326000D-03
      1.987000D+01          -1.051900D-02
      7.406000D+00          -2.809700D-02
      2.930000D+00          -5.593600D-02
      1.189000D+00          -9.923700D-02
      4.798000D-01          -1.121890D-01
      7.509000D-02           5.678890D-01
      2.832000D-02           5.303820D-01
    1   s
      2.832000D-02           1.000000D+00
    1   p
      5.578000D-02           1.000000D+00
    5   p
      3.266000D+00           8.630000D-03
      6.511000D-01           4.753800D-02
      1.696000D-01           2.097720D-01
      5.578000D-02           5.285220D-01
      2.050000D-02           3.827440D-01
    1   p
      2.050000D-02           1.000000D+00
    1   d
      1.900000D-01           1.000000D+00
    1   d
      7.250000D-02           1.000000D+00
    1   f
      1.270000D-01           1.0000000
*
be cc-pVTZ
*
    11   s
      6.863000D+03           2.360000D-04
      1.030000D+03           1.826000D-03
      2.347000D+02           9.452000D-03
      6.656000D+01           3.795700D-02
      2.169000D+01           1.199650D-01
      7.734000D+00           2.821620D-01
      2.916000D+00           4.274040D-01
      1.130000D+00           2.662780D-01
      2.577000D-01           1.819300D-02
      1.101000D-01          -7.275000D-03
      4.409000D-02           1.903000D-03
    1   s
      2.577000D-01           1.000000D+00
    11   s
      6.863000D+03          -4.300000D-05
      1.030000D+03          -3.330000D-04
      2.347000D+02          -1.736000D-03
      6.656000D+01          -7.012000D-03
      2.169000D+01          -2.312600D-02
      7.734000D+00          -5.813800D-02
      2.916000D+00          -1.145560D-01
      1.130000D+00          -1.359080D-01
      2.577000D-01           2.280260D-01
      1.101000D-01           5.774410D-01
      4.409000D-02           3.178730D-01
    1   s
      4.409000D-02           1.000000D+00
    1   p
      1.438000D-01           1.000000D+00
    5   p
      7.436000D+00           1.073600D-02
      1.577000D+00           6.285400D-02
      4.352000D-01           2.481800D-01
      1.438000D-01           5.236990D-01
      4.994000D-02           3.534250D-01
    1   p
      4.994000D-02           1.000000D+00
    1   d
      3.493000D-01           1.000000D+00
    1   d
      1.724000D-01           1.000000D+00
    1   f
      3.423000D-01           1.0000000
*
b cc-pVTZ
*
    10   s
      5.473000D+03           5.550000D-04
      8.209000D+02           4.291000D-03
      1.868000D+02           2.194900D-02
      5.283000D+01           8.444100D-02
      1.708000D+01           2.385570D-01
      5.999000D+00           4.350720D-01
      2.208000D+00           3.419550D-01
      5.879000D-01           3.685600D-02
      2.415000D-01          -9.545000D-03
      8.610000D-02           2.368000D-03
    1   s
      5.879000D-01           1.000000D+00
    10   s
      5.473000D+03          -1.120000D-04
      8.209000D+02          -8.680000D-04
      1.868000D+02          -4.484000D-03
      5.283000D+01          -1.768300D-02
      1.708000D+01          -5.363900D-02
      5.999000D+00          -1.190050D-01
      2.208000D+00          -1.658240D-01
      5.879000D-01           1.201070D-01
      2.415000D-01           5.959810D-01
      8.610000D-02           4.110210D-01
    1   s
      8.610000D-02           1.000000D+00
    1   p
      2.385000D-01           1.000000D+00
    5   p
      1.205000D+01           1.311800D-02
      2.613000D+00           7.989600D-02
      7.475000D-01           2.772750D-01
      2.385000D-01           5.042700D-01
      7.698000D-02           3.536800D-01
    1   p
      7.698000D-02           1.000000D+00
    1   d
      6.610000D-01           1.000000D+00
    1   d
      1.990000D-01           1.000000D+00
    1   f
      4.900000D-01           1.0000000
*
c cc-pVTZ
*
    10   s
      8.236000D+03           5.310000D-04
      1.235000D+03           4.108000D-03
      2.808000D+02           2.108700D-02
      7.927000D+01           8.185300D-02
      2.559000D+01           2.348170D-01
      8.997000D+00           4.344010D-01
      3.319000D+00           3.461290D-01
      9.059000D-01           3.937800D-02
      3.643000D-01          -8.983000D-03
      1.285000D-01           2.385000D-03
    1   s
      9.059000D-01           1.000000D+00
    10   s
      8.236000D+03          -1.130000D-04
      1.235000D+03          -8.780000D-04
      2.808000D+02          -4.540000D-03
      7.927000D+01          -1.813300D-02
      2.559000D+01          -5.576000D-02
      8.997000D+00          -1.268950D-01
      3.319000D+00          -1.703520D-01
      9.059000D-01           1.403820D-01
      3.643000D-01           5.986840D-01
      1.285000D-01           3.953890D-01
    1   s
      1.285000D-01           1.000000D+00
    1   p
      3.827000D-01           1.000000D+00
    5   p
      1.871000D+01           1.403100D-02
      4.133000D+00           8.686600D-02
      1.200000D+00           2.902160D-01
      3.827000D-01           5.010080D-01
      1.209000D-01           3.434060D-01
    1   p
      1.209000D-01           1.000000D+00
    1   d
      1.097000D+00           1.000000D+00
    1   d
      3.180000D-01           1.000000D+00
    1   f
      7.610000D-01           1.0000000
*
n cc-pVTZ
*
    10   s
      1.142000D+04           5.230000D-04
      1.712000D+03           4.045000D-03
      3.893000D+02           2.077500D-02
      1.100000D+02           8.072700D-02
      3.557000D+01           2.330740D-01
      1.254000D+01           4.335010D-01
      4.644000D+00           3.474720D-01
      1.293000D+00           4.126200D-02
      5.118000D-01          -8.508000D-03
      1.787000D-01           2.384000D-03
    1   s
      1.293000D+00           1.000000D+00
    10   s
      1.142000D+04          -1.150000D-04
      1.712000D+03          -8.950000D-04
      3.893000D+02          -4.624000D-03
      1.100000D+02          -1.852800D-02
      3.557000D+01          -5.733900D-02
      1.254000D+01          -1.320760D-01
      4.644000D+00          -1.725100D-01
      1.293000D+00           1.518140D-01
      5.118000D-01           5.999440D-01
      1.787000D-01           3.874620D-01
    1   s
      1.787000D-01           1.000000D+00
    1   p
      5.550000D-01           1.000000D+00
    5   p
      2.663000D+01           1.467000D-02
      5.948000D+00           9.176400D-02
      1.742000D+00           2.986830D-01
      5.550000D-01           4.984870D-01
      1.725000D-01           3.370230D-01
    1   p
      1.725000D-01           1.000000D+00
    1   d
      1.654000D+00           1.000000D+00
    1   d
      4.690000D-01           1.000000D+00
    1   f
      1.093000D+00           1.0000000
*
o cc-pVTZ
*
    10   s
      1.533000D+04           5.080000D-04
      2.299000D+03           3.929000D-03
      5.224000D+02           2.024300D-02
      1.473000D+02           7.918100D-02
      4.755000D+01           2.306870D-01
      1.676000D+01           4.331180D-01
      6.207000D+00           3.502600D-01
      1.752000D+00           4.272800D-02
      6.882000D-01          -8.154000D-03
      2.384000D-01           2.381000D-03
    1   s
      1.752000D+00           1.000000D+00
    10   s
      1.533000D+04          -1.150000D-04
      2.299000D+03          -8.950000D-04
      5.224000D+02          -4.636000D-03
      1.473000D+02          -1.872400D-02
      4.755000D+01          -5.846300D-02
      1.676000D+01          -1.364630D-01
      6.207000D+00          -1.757400D-01
      1.752000D+00           1.609340D-01
      6.882000D-01           6.034180D-01
      2.384000D-01           3.787650D-01
    1   s
      2.384000D-01           1.000000D+00
    1   p
      7.156000D-01           1.000000D+00
    5   p
      3.446000D+01           1.592800D-02
      7.749000D+00           9.974000D-02
      2.280000D+00           3.104920D-01
      7.156000D-01           4.910260D-01
      2.140000D-01           3.363370D-01
    1   p
      2.140000D-01           1.000000D+00
    1   d
      2.314000D+00           1.000000D+00
    1   d
      6.450000D-01           1.000000D+00
    1   f
      1.428000D+00           1.0000000
*
f cc-pVTZ
*
    10   s
      1.950000D+04           5.070000D-04
      2.923000D+03           3.923000D-03
      6.645000D+02           2.020000D-02
      1.875000D+02           7.901000D-02
      6.062000D+01           2.304390D-01
      2.142000D+01           4.328720D-01
      7.950000D+00           3.499640D-01
      2.257000D+00           4.323300D-02
      8.815000D-01          -7.892000D-03
      3.041000D-01           2.384000D-03
    1   s
      2.257000D+00           1.000000D+00
    10   s
      1.950000D+04          -1.170000D-04
      2.923000D+03          -9.120000D-04
      6.645000D+02          -4.717000D-03
      1.875000D+02          -1.908600D-02
      6.062000D+01          -5.965500D-02
      2.142000D+01          -1.400100D-01
      7.950000D+00          -1.767820D-01
      2.257000D+00           1.716250D-01
      8.815000D-01           6.050430D-01
      3.041000D-01           3.695120D-01
    1   s
      3.041000D-01           1.000000D+00
    1   p
      9.132000D-01           1.000000D+00
    5   p
      4.388000D+01           1.666500D-02
      9.926000D+00           1.044720D-01
      2.930000D+00           3.172600D-01
      9.132000D-01           4.873430D-01
      2.672000D-01           3.346040D-01
    1   p
      2.672000D-01           1.000000D+00
    1   d
      3.107000D+00           1.000000D+00
    1   d
      8.550000D-01           1.000000D+00
    1   f
      1.917000D+00           1.0000000
*
ne cc-pVTZ
*
    10   s
      2.435000D+04           5.020000D-04
      3.650000D+03           3.881000D-03
      8.296000D+02           1.999700D-02
      2.340000D+02           7.841800D-02
      7.561000D+01           2.296760D-01
      2.673000D+01           4.327220D-01
      9.927000D+00           3.506420D-01
      2.836000D+00           4.391100D-02
      1.102000D+00          -7.645000D-03
      3.782000D-01           2.375000D-03
    1   s
      2.836000D+00           1.000000D+00
    10   s
      2.435000D+04          -1.180000D-04
      3.650000D+03          -9.150000D-04
      8.296000D+02          -4.737000D-03
      2.340000D+02          -1.923300D-02
      7.561000D+01          -6.036900D-02
      2.673000D+01          -1.425080D-01
      9.927000D+00          -1.777100D-01
      2.836000D+00           1.773520D-01
      1.102000D+00           6.058360D-01
      3.782000D-01           3.651090D-01
    1   s
      3.782000D-01           1.000000D+00
    1   p
      1.143000D+00           1.000000D+00
    5   p
      5.470000D+01           1.715100D-02
      1.243000D+01           1.076560D-01
      3.679000D+00           3.216810D-01
      1.143000D+00           4.852320D-01
      3.300000D-01           3.325840D-01
    1   p
      3.300000D-01           1.000000D+00
    1   d
      4.014000D+00           1.000000D+00
    1   d
      1.096000D+00           1.000000D+00
    1   f
      2.544000D+00           1.0000000
*
na cc-pVTZ
*
    16   s
      4.230000D+05           1.806180D-05
      6.334000D+04           1.404300D-04
      1.441000D+04           7.384380D-04
      4.077000D+03           3.111820D-03
      1.328000D+03           1.120810D-02
      4.786000D+02           3.528280D-02
      1.862000D+02           9.598970D-02
      7.692000D+01           2.137350D-01
      3.332000D+01           3.486880D-01
      1.500000D+01           3.245660D-01
      6.869000D+00           1.126330D-01
      2.683000D+00           7.067970D-03
      1.109000D+00           5.980100D-04
      4.540000D-01           2.041300D-04
      6.015000D-02          -5.308700D-06
      2.382000D-02           1.826050D-06
    16   s
      4.230000D+05          -4.406530D-06
      6.334000D+04          -3.434430D-05
      1.441000D+04          -1.801140D-04
      4.077000D+03          -7.639000D-04
      1.328000D+03          -2.752480D-03
      4.786000D+02          -8.860160D-03
      1.862000D+02          -2.479390D-02
      7.692000D+01          -6.059950D-02
      3.332000D+01          -1.164460D-01
      1.500000D+01          -1.624370D-01
      6.869000D+00          -4.388910D-02
      2.683000D+00           3.379170D-01
      1.109000D+00           5.613470D-01
      4.540000D-01           2.452400D-01
      6.015000D-02           4.067540D-03
      2.382000D-02          -1.267460D-03
    1   s
      4.540000D-01           1.000000D+00
    16   s
      4.230000D+05           6.630190D-07
      6.334000D+04           5.157690D-06
      1.441000D+04           2.712500D-05
      4.077000D+03           1.146350D-04
      1.328000D+03           4.151180D-04
      4.786000D+02           1.329780D-03
      1.862000D+02           3.755950D-03
      7.692000D+01           9.140250D-03
      3.332000D+01           1.798590D-02
      1.500000D+01           2.514770D-02
      6.869000D+00           7.635220D-03
      2.683000D+00          -6.145890D-02
      1.109000D+00          -1.157210D-01
      4.540000D-01          -1.589060D-01
      6.015000D-02           6.264060D-01
      2.382000D-02           4.754020D-01
    1   s
      2.382000D-02           1.000000D+00
    10   p
      2.433000D+02           2.243920D-03
      5.739000D+01           1.739970D-02
      1.810000D+01           7.741250D-02
      6.575000D+00           2.191020D-01
      2.521000D+00           3.785220D-01
      9.607000D-01           3.949020D-01
      3.512000D-01           1.604240D-01
      9.827000D-02           2.333110D-03
      3.734000D-02           1.995360D-03
      1.500000D-02          -7.773440D-04
    1   p
      3.734000D-02           1.000000D+00
    10   p
      2.433000D+02          -2.224010D-04
      5.739000D+01          -1.742770D-03
      1.810000D+01          -7.754560D-03
      6.575000D+00          -2.251870D-02
      2.521000D+00          -3.843300D-02
      9.607000D-01          -4.501770D-02
      3.512000D-01          -1.921320D-02
      9.827000D-02           1.826970D-01
      3.734000D-02           5.578970D-01
      1.500000D-02           3.730220D-01
    1   p
      1.500000D-02           1.000000D+00
    1   d
      1.473000D-01           1.000000D+00
    1   d
      6.230000D-02           1.000000D+00
    1   f
      1.284000D-01           1.0000000
*
mg cc-pVTZ
*
    15   s
      1.649000D+05           7.299290D-05
      2.471000D+04           5.666520D-04
      5.628000D+03           2.962690D-03
      1.596000D+03           1.229620D-02
      5.210000D+02           4.273240D-02
      1.880000D+02           1.230130D-01
      7.301000D+01           2.748320D-01
      2.990000D+01           4.018180D-01
      1.254000D+01           2.646970D-01
      4.306000D+00           3.326120D-02
      1.826000D+00          -4.413350D-03
      7.417000D-01           2.060240D-03
      1.457000D-01          -8.384700D-04
      7.612000D-02           7.081950D-04
      3.310000D-02          -2.006020D-04
    15   s
      1.649000D+05          -1.842480D-05
      2.471000D+04          -1.435000D-04
      5.628000D+03          -7.487100D-04
      1.596000D+03          -3.144070D-03
      5.210000D+02          -1.104810D-02
      1.880000D+02          -3.360580D-02
      7.301000D+01          -8.259460D-02
      2.990000D+01          -1.593140D-01
      1.254000D+01          -1.528880D-01
      4.306000D+00           1.908490D-01
      1.826000D+00           5.799640D-01
      7.417000D-01           3.720290D-01
      1.457000D-01           2.116910D-02
      7.612000D-02          -1.193440D-02
      3.310000D-02           2.773290D-03
    1   s
      1.457000D-01           1.000000D+00
    15   s
      1.649000D+05           3.551760D-06
      2.471000D+04           2.764200D-05
      5.628000D+03           1.444040D-04
      1.596000D+03           6.057440D-04
      5.210000D+02           2.135270D-03
      1.880000D+02           6.499340D-03
      7.301000D+01           1.614460D-02
      2.990000D+01           3.157660D-02
      1.254000D+01           3.163740D-02
      4.306000D+00          -4.391400D-02
      1.826000D+00          -1.510930D-01
      7.417000D-01          -2.176680D-01
      1.457000D-01           2.598070D-01
      7.612000D-02           5.472450D-01
      3.310000D-02           3.259100D-01
    1   s
      3.310000D-02           1.000000D+00
    10   p
      3.169000D+02           2.075320D-03
      7.486000D+01           1.628690D-02
      2.372000D+01           7.386970D-02
      8.669000D+00           2.142970D-01
      3.363000D+00           3.821540D-01
      1.310000D+00           3.981780D-01
      4.911000D-01           1.528780D-01
      2.364000D-01          -4.375400D-03
      8.733000D-02           6.295820D-03
      3.237000D-02          -1.567690D-03
    1   p
      8.733000D-02           1.000000D+00
    10   p
      3.169000D+02          -3.297270D-04
      7.486000D+01          -2.587540D-03
      2.372000D+01          -1.191200D-02
      8.669000D+00          -3.502270D-02
      3.363000D+00          -6.399680D-02
      1.310000D+00          -7.044360D-02
      4.911000D-01          -3.758360D-02
      2.364000D-01           1.770430D-01
      8.733000D-02           5.667070D-01
      3.237000D-02           3.961430D-01
    1   p
      3.237000D-02           1.000000D+00
    1   d
      2.998000D-01           1.000000D+00
    1   d
      1.285000D-01           1.000000D+00
    1   f
      2.417000D-01           1.0000000
*
al cc-pVTZ
*
    15   s
      2.055000D+05           6.788360D-05
      3.078000D+04           5.271490D-04
      7.006000D+03           2.762030D-03
      1.985000D+03           1.147280D-02
      6.491000D+02           3.981880D-02
      2.350000D+02           1.150400D-01
      9.162000D+01           2.608870D-01
      3.767000D+01           3.963860D-01
      1.591000D+01           2.845970D-01
      5.850000D+00           4.445830D-02
      2.542000D+00          -4.898380D-03
      1.057000D+00           2.612530D-03
      2.931000D-01          -1.089150D-03
      1.455000D-01           7.220680D-04
      5.650000D-02          -1.784850D-04
    15   s
      2.055000D+05          -1.763770D-05
      3.078000D+04          -1.371950D-04
      7.006000D+03          -7.189100D-04
      1.985000D+03          -3.011460D-03
      6.491000D+02          -1.060140D-02
      2.350000D+02          -3.213450D-02
      9.162000D+01          -8.031560D-02
      3.767000D+01          -1.567940D-01
      1.591000D+01          -1.683760D-01
      5.850000D+00           1.268790D-01
      2.542000D+00           5.614940D-01
      1.057000D+00           4.366130D-01
      2.931000D-01           3.572930D-02
      1.455000D-01          -1.145630D-02
      5.650000D-02           2.202010D-03
    1   s
      2.931000D-01           1.000000D+00
    15   s
      2.055000D+05           4.073150D-06
      3.078000D+04           3.165660D-05
      7.006000D+03           1.661160D-04
      1.985000D+03           6.949920D-04
      6.491000D+02           2.455110D-03
      2.350000D+02           7.445980D-03
      9.162000D+01           1.882530D-02
      3.767000D+01           3.727720D-02
      1.591000D+01           4.194960D-02
      5.850000D+00          -3.543750D-02
      2.542000D+00          -1.751320D-01
      1.057000D+00          -2.762030D-01
      2.931000D-01           1.087290D-01
      1.455000D-01           6.528090D-01
      5.650000D-02           3.945870D-01
    1   s
      5.650000D-02           1.000000D+00
    9   p
      4.444000D+02           1.627860D-03
      1.051000D+02           1.306870D-02
      3.347000D+01           6.123410D-02
      1.233000D+01           1.878700D-01
      4.869000D+00           3.604520D-01
      1.961000D+00           4.084540D-01
      7.834000D-01           1.886400D-01
      1.888000D-01           9.765140D-03
      5.557000D-02          -1.150570D-03
    1   p
      7.834000D-01           1.000000D+00
    9   p
      4.444000D+02          -2.863410D-04
      1.051000D+02          -2.423080D-03
      3.347000D+01          -1.086580D-02
      1.233000D+01          -3.643070D-02
      4.869000D+00          -6.410740D-02
      1.961000D+00          -9.722390D-02
      7.834000D-01           1.474370D-02
      1.888000D-01           5.034480D-01
      5.557000D-02           5.979840D-01
    1   p
      5.557000D-02           1.000000D+00
    1   d
      3.330000D-01           1.000000D+00
    1   d
      1.090000D-01           1.000000D+00
    1   f
      2.440000D-01           1.0000000
*
si cc-pVTZ
*
    15   s
      2.549000D+05           6.251010D-05
      3.819000D+04           4.855530D-04
      8.690000D+03           2.545160D-03
      2.462000D+03           1.058660D-02
      8.048000D+02           3.687870D-02
      2.913000D+02           1.074790D-01
      1.136000D+02           2.479360D-01
      4.675000D+01           3.909270D-01
      1.982000D+01           3.020260D-01
      7.708000D+00           5.592360D-02
      3.340000D+00          -4.024060D-03
      1.402000D+00           2.580300D-03
      4.387000D-01          -1.038210D-03
      2.070000D-01           6.079300D-04
      7.944000D-02          -1.540220D-04
    15   s
      2.549000D+05          -1.663700D-05
      3.819000D+04          -1.293100D-04
      8.690000D+03          -6.788280D-04
      2.462000D+03          -2.841170D-03
      8.048000D+02          -1.005510D-02
      2.913000D+02          -3.057740D-02
      1.136000D+02          -7.772560D-02
      4.675000D+01          -1.542360D-01
      1.982000D+01          -1.803680D-01
      7.708000D+00           7.982180D-02
      3.340000D+00           5.474410D-01
      1.402000D+00           4.801190D-01
      4.387000D-01           4.748460D-02
      2.070000D-01          -1.069960D-02
      7.944000D-02           2.198710D-03
    1   s
      4.387000D-01           1.000000D+00
    15   s
      2.549000D+05           4.262570D-06
      3.819000D+04           3.310620D-05
      8.690000D+03           1.740150D-04
      2.462000D+03           7.275740D-04
      8.048000D+02           2.583330D-03
      2.913000D+02           7.863540D-03
      1.136000D+02           2.021550D-02
      4.675000D+01           4.073200D-02
      1.982000D+01           4.993580D-02
      7.708000D+00          -2.493960D-02
      3.340000D+00          -1.903500D-01
      1.402000D+00          -3.183500D-01
      4.387000D-01           9.480360D-02
      2.070000D-01           6.811800D-01
      7.944000D-02           3.956720D-01
    1   s
      7.944000D-02           1.000000D+00
    9   p
      4.815000D+02           1.920450D-03
      1.139000D+02           1.535520D-02
      3.623000D+01           7.139910D-02
      1.334000D+01           2.130520D-01
      5.252000D+00           3.903540D-01
      2.120000D+00           3.937210D-01
      8.561000D-01           1.325650D-01
      2.528000D-01           3.956300D-03
      7.889000D-02           3.316240D-04
    1   p
      8.561000D-01           1.000000D+00
    9   p
      4.815000D+02          -4.052200D-04
      1.139000D+02          -3.358960D-03
      3.623000D+01          -1.528600D-02
      1.334000D+01          -4.892180D-02
      5.252000D+00          -8.550080D-02
      2.120000D+00          -1.121370D-01
      8.561000D-01           6.182740D-02
      2.528000D-01           5.519190D-01
      7.889000D-02           5.234920D-01
    1   p
      7.889000D-02           1.000000D+00
    1   d
      4.810000D-01           1.000000D+00
    1   d
      1.590000D-01           1.000000D+00
    1   f
      3.360000D-01           1.0000000
*
p cc-pVTZ
*
    15   s
      3.124000D+05           5.769600D-05
      4.680000D+04           4.482960D-04
      1.065000D+04           2.349390D-03
      3.018000D+03           9.782650D-03
      9.868000D+02           3.414670D-02
      3.574000D+02           1.002040D-01
      1.396000D+02           2.343720D-01
      5.763000D+01           3.824340D-01
      2.460000D+01           3.180880D-01
      1.012000D+01           7.077880D-02
      4.283000D+00          -1.817990D-03
      1.805000D+00           2.161800D-03
      6.158000D-01          -8.347420D-04
      2.782000D-01           4.322970D-04
      1.055000D-01          -1.142510D-04
    15   s
      3.124000D+05          -1.567090D-05
      4.680000D+04          -1.217240D-04
      1.065000D+04          -6.396720D-04
      3.018000D+03          -2.674260D-03
      9.868000D+02          -9.498310D-03
      3.574000D+02          -2.893490D-02
      1.396000D+02          -7.451210D-02
      5.763000D+01          -1.499380D-01
      2.460000D+01          -1.894670D-01
      1.012000D+01           3.632700D-02
      4.283000D+00           5.288160D-01
      1.805000D+00           5.191150D-01
      6.158000D-01           6.055470D-02
      2.782000D-01          -9.256950D-03
      1.055000D-01           2.103720D-03
    1   s
      6.158000D-01           1.000000D+00
    15   s
      3.124000D+05           4.306310D-06
      4.680000D+04           3.341940D-05
      1.065000D+04           1.758850D-04
      3.018000D+03           7.343400D-04
      9.868000D+02           2.617750D-03
      3.574000D+02           7.978520D-03
      1.396000D+02           2.079400D-02
      5.763000D+01           4.244460D-02
      2.460000D+01           5.634360D-02
      1.012000D+01          -1.273580D-02
      4.283000D+00          -1.964950D-01
      1.805000D+00          -3.535550D-01
      6.158000D-01           7.414070D-02
      2.782000D-01           7.009120D-01
      1.055000D-01           4.047390D-01
    1   s
      1.055000D-01           1.000000D+00
    9   p
      5.049000D+02           2.337280D-03
      1.194000D+02           1.854100D-02
      3.796000D+01           8.496930D-02
      1.395000D+01           2.446150D-01
      5.457000D+00           4.227660D-01
      2.177000D+00           3.684390D-01
      8.010000D-01           7.727340D-02
      2.877000D-01          -3.790050D-03
      9.714000D-02           1.599390D-03
    1   p
      8.010000D-01           1.000000D+00
    9   p
      5.049000D+02          -5.552360D-04
      1.194000D+02          -4.459130D-03
      3.796000D+01          -2.063500D-02
      1.395000D+01          -6.176940D-02
      5.457000D+00          -1.089240D-01
      2.177000D+00          -1.055990D-01
      8.010000D-01           1.534830D-01
      2.877000D-01           5.769810D-01
      9.714000D-02           4.224390D-01
    1   p
      9.714000D-02           1.000000D+00
    1   d
      6.520000D-01           1.000000D+00
    1   d
      2.160000D-01           1.000000D+00
    1   f
      4.520000D-01           1.0000000
*
s cc-pVTZ
*
    15   s
      3.741000D+05           5.421400D-05
      5.605000D+04           4.208550D-04
      1.276000D+04           2.206980D-03
      3.615000D+03           9.192580D-03
      1.183000D+03           3.211230D-02
      4.288000D+02           9.466830D-02
      1.678000D+02           2.236300D-01
      6.947000D+01           3.743930D-01
      2.984000D+01           3.291080D-01
      1.272000D+01           8.470380D-02
      5.244000D+00           4.408510D-04
      2.219000D+00           1.648270D-03
      7.767000D-01          -6.223320D-04
      3.490000D-01           3.013060D-04
      1.322000D-01          -8.412900D-05
    15   s
      3.741000D+05          -1.498370D-05
      5.605000D+04          -1.161980D-04
      1.276000D+04          -6.115830D-04
      3.615000D+03          -2.553700D-03
      1.183000D+03          -9.087080D-03
      4.288000D+02          -2.770450D-02
      1.678000D+02          -7.200200D-02
      6.947000D+01          -1.464390D-01
      2.984000D+01          -1.951500D-01
      1.272000D+01           8.191930D-03
      5.244000D+00           5.166010D-01
      2.219000D+00           5.421780D-01
      7.767000D-01           6.884300D-02
      3.490000D-01          -9.180720D-03
      1.322000D-01           2.268320D-03
    1   s
      7.767000D-01           1.000000D+00
    15   s
      3.741000D+05           4.350660D-06
      5.605000D+04           3.371400D-05
      1.276000D+04           1.776740D-04
      3.615000D+03           7.411160D-04
      1.183000D+03           2.645910D-03
      4.288000D+02           8.074870D-03
      1.678000D+02           2.122760D-02
      6.947000D+01           4.383230D-02
      2.984000D+01           6.127160D-02
      1.272000D+01          -3.615100D-03
      5.244000D+00          -2.045100D-01
      2.219000D+00          -3.818710D-01
      7.767000D-01           8.268440D-02
      3.490000D-01           7.141470D-01
      1.322000D-01           3.937910D-01
    1   s
      1.322000D-01           1.000000D+00
    9   p
      5.744000D+02           2.422640D-03
      1.358000D+02           1.927960D-02
      4.319000D+01           8.854010D-02
      1.587000D+01           2.546540D-01
      6.208000D+00           4.339840D-01
      2.483000D+00           3.549530D-01
      8.688000D-01           6.189410D-02
      3.229000D-01          -5.029770D-03
      1.098000D-01           2.098130D-03
    1   p
      8.688000D-01           1.000000D+00
    9   p
      5.744000D+02          -6.201020D-04
      1.358000D+02          -4.938820D-03
      4.319000D+01          -2.326470D-02
      1.587000D+01          -6.851950D-02
      6.208000D+00          -1.238960D-01
      2.483000D+00          -9.694990D-02
      8.688000D-01           2.282150D-01
      3.229000D-01           5.693940D-01
      1.098000D-01           3.663020D-01
    1   p
      1.098000D-01           1.000000D+00
    1   d
      8.190000D-01           1.000000D+00
    1   d
      2.690000D-01           1.000000D+00
    1   f
      5.570000D-01           1.0000000
*
cl cc-pVTZ
*
    15   s
      4.561000D+05           4.929700D-05
      6.833000D+04           3.830290D-04
      1.555000D+04           2.008540D-03
      4.405000D+03           8.385580D-03
      1.439000D+03           2.947030D-02
      5.204000D+02           8.783250D-02
      2.031000D+02           2.114730D-01
      8.396000D+01           3.653640D-01
      3.620000D+01           3.408840D-01
      1.583000D+01           1.021330D-01
      6.334000D+00           3.116750D-03
      2.694000D+00           1.057510D-03
      9.768000D-01          -3.780000D-04
      4.313000D-01           1.561360D-04
      1.625000D-01          -5.141260D-05
    15   s
      4.561000D+05          -1.383040D-05
      6.833000D+04          -1.072790D-04
      1.555000D+04          -5.650830D-04
      4.405000D+03          -2.361350D-03
      1.439000D+03          -8.458860D-03
      5.204000D+02          -2.596380D-02
      2.031000D+02          -6.863620D-02
      8.396000D+01          -1.418740D-01
      3.620000D+01          -1.993190D-01
      1.583000D+01          -1.956620D-02
      6.334000D+00           4.997410D-01
      2.694000D+00           5.637360D-01
      9.768000D-01           7.903250D-02
      4.313000D-01          -8.350910D-03
      1.625000D-01           2.324560D-03
    1   s
      9.768000D-01           1.000000D+00
    15   s
      4.561000D+05           4.185460D-06
      6.833000D+04           3.243950D-05
      1.555000D+04           1.711050D-04
      4.405000D+03           7.141760D-04
      1.439000D+03           2.567050D-03
      5.204000D+02           7.885520D-03
      2.031000D+02           2.108670D-02
      8.396000D+01           4.422640D-02
      3.620000D+01           6.516700D-02
      1.583000D+01           6.030120D-03
      6.334000D+00          -2.064950D-01
      2.694000D+00          -4.058710D-01
      9.768000D-01           7.595580D-02
      4.313000D-01           7.256610D-01
      1.625000D-01           3.944230D-01
    1   s
      1.625000D-01           1.000000D+00
    9   p
      6.633000D+02           2.404480D-03
      1.568000D+02           1.921480D-02
      4.998000D+01           8.850970D-02
      1.842000D+01           2.560200D-01
      7.240000D+00           4.369270D-01
      2.922000D+00           3.503340D-01
      1.022000D+00           5.854950D-02
      3.818000D-01          -4.584230D-03
      1.301000D-01           2.269700D-03
    1   p
      1.022000D+00           1.000000D+00
    9   p
      6.633000D+02          -6.521450D-04
      1.568000D+02          -5.194450D-03
      4.998000D+01          -2.469380D-02
      1.842000D+01          -7.281670D-02
      7.240000D+00          -1.340300D-01
      2.922000D+00          -9.477420D-02
      1.022000D+00           2.622890D-01
      3.818000D-01           5.646670D-01
      1.301000D-01           3.412500D-01
    1   p
      1.301000D-01           1.000000D+00
    1   d
      1.046000D+00           1.000000D+00
    1   d
      3.440000D-01           1.000000D+00
    1   f
      7.060000D-01           1.0000000
*
ar cc-pVTZ
*
    15   s
      5.450000D+05           4.558280D-05
      8.164000D+04           3.541080D-04
      1.858000D+04           1.857970D-03
      5.261000D+03           7.768510D-03
      1.717000D+03           2.742320D-02
      6.199000D+02           8.238360D-02
      2.416000D+02           2.012300D-01
      9.979000D+01           3.567810D-01
      4.315000D+01           3.495630D-01
      1.914000D+01           1.182660D-01
      7.488000D+00           5.601900D-03
      3.205000D+00           4.834730D-04
      1.196000D+00          -1.480850D-04
      5.204000D-01           2.920250D-05
      1.954000D-01          -2.316040D-05
    15   s
      5.450000D+05          -1.295510D-05
      8.164000D+04          -1.004280D-04
      1.858000D+04          -5.295830D-04
      5.261000D+03          -2.213960D-03
      1.717000D+03          -7.968450D-03
      6.199000D+02          -2.458030D-02
      2.416000D+02          -6.577980D-02
      9.979000D+01          -1.379420D-01
      4.315000D+01          -2.016300D-01
      1.914000D+01          -4.128340D-02
      7.488000D+00           4.846800D-01
      3.205000D+00           5.792240D-01
      1.196000D+00           8.790830D-02
      5.204000D-01          -7.275530D-03
      1.954000D-01           2.328840D-03
    1   s
      1.196000D+00           1.000000D+00
    15   s
      5.450000D+05           4.049900D-06
      8.164000D+04           3.136910D-05
      1.858000D+04           1.656460D-04
      5.261000D+03           6.916620D-04
      1.717000D+03           2.497900D-03
      6.199000D+02           7.710740D-03
      2.416000D+02           2.087140D-02
      9.979000D+01           4.439650D-02
      4.315000D+01           6.802240D-02
      1.914000D+01           1.413500D-02
      7.488000D+00          -2.074890D-01
      3.205000D+00          -4.250450D-01
      1.196000D+00           7.048550D-02
      5.204000D-01           7.336270D-01
      1.954000D-01           3.960050D-01
    1   s
      1.954000D-01           1.000000D+00
    9   p
      7.618000D+02           2.369760D-03
      1.802000D+02           1.901990D-02
      5.750000D+01           8.808070D-02
      2.124000D+01           2.563770D-01
      8.388000D+00           4.387110D-01
      3.416000D+00           3.475690D-01
      1.206000D+00           5.667400D-02
      4.523000D-01          -5.238820D-03
      1.545000D-01           1.643760D-03
    1   p
      1.206000D+00           1.000000D+00
    9   p
      7.618000D+02          -6.672110D-04
      1.802000D+02          -5.327170D-03
      5.750000D+01          -2.554940D-02
      2.124000D+01          -7.571970D-02
      8.388000D+00          -1.411330D-01
      3.416000D+00          -9.327680D-02
      1.206000D+00           2.828720D-01
      4.523000D-01           5.624500D-01
      1.545000D-01           3.250590D-01
    1   p
      1.545000D-01           1.000000D+00
    1   d
      1.254000D+00           1.000000D+00
    1   d
      4.100000D-01           1.000000D+00
    1   f
      8.900000D-01           1.0000000
*
$end
