#----------------------------------------------------------------------
# Basis Set Exchange
# Version v0.9
# https://www.basissetexchange.org
#----------------------------------------------------------------------
#   Basis set: def2-TZVP
# Description: def2-TZVP
#        Role: orbital
#     Version: 1  (Data from Turbomole 7.3)
#----------------------------------------------------------------------


$basis
*
h def2-TZVP
*
    3   s
     34.0613410              0.60251978D-02
      5.1235746              0.45021094D-01
      1.1646626              0.20189726
    1   s
      0.32723041             1.0000000
    1   s
      0.10307241             1.0000000
    1   p
      0.8000000              1.0000000
*
he def2-TZVP
*
    3   s
     98.078321616            0.75803064967D-02
     14.764404247            0.54848620937D-01
      3.3185831473           0.22074382186
    1   s
      0.87413869551          1.0000000
    1   s
      0.24459897208          1.0000000
    1   p
      1.0000000              1.0000000
*
li def2-TZVP
*
    6   s
   6269.2628010              0.20540968826D-03
    940.31612431             0.15916554089D-02
    214.22107528             0.82869829707D-02
     60.759840184            0.33856374249D-01
     19.915152032            0.11103225876
      7.3171509797           0.27449383329
    2   s
      2.9724674216           0.23792456411
      1.2639852314           0.30765411924
    1   s
      0.51427489953          1.0000000
    1   s
      0.77030885901D-01      1.0000000
    1   s
      0.28938896433D-01      1.0000000
    1   p
      3.3270000              1.0000000
    1   p
      0.4000000              1.0000000
    1   p
      0.0600000              1.0000000
*
be def2-TZVP
*
    6   s
   4700.2365626              0.23584389316D-03
    704.82845622             0.18243791019D-02
    160.43110478             0.93966148224D-02
     45.425347336            0.36908924159D-01
     14.798334125            0.10897561281
      5.3512452537           0.21694284551
    2   s
      2.1542044819           0.44695408857
      0.93363744400          0.20866985771
    1   s
      0.18791432989          1.0000000
    1   s
      0.74648267947D-01      1.0000000
    1   s
      0.32650484598D-01      1.0000000
    1   p
      3.6316917145           -.29033998305D-01
    2   p
      0.71695694366         -0.16877854032
      0.19541932860         -0.51403419628
    1   p
      0.60515465890D-01      1.0000000
    1   d
      0.1800000              1.0000000
*
b def2-TZVP
*
    6   s
   8564.8660687              0.22837198155D-03
   1284.1516263              0.17682576447D-02
    292.27871604             0.91407080516D-02
     82.775469176            0.36342638989D-01
     27.017939269            0.11063458441
      9.8149619660           0.23367344321
    2   s
      3.9318559059           0.41818777978
      1.6595599712           0.22325473798
    1   s
      0.35762965239          1.0000000
    1   s
      0.14246277496          1.0000000
    1   s
      0.60560594768D-01      1.0000000
    4   p
     22.453875803            0.50265575179D-02
      5.1045058330           0.32801738965D-01
      1.4986081344           0.13151230768
      0.50927831315          0.33197167769
    1   p
      0.18147077798           .47314319570
    1   p
      0.64621893904D-01       .25802783943
    1   d
      0.66100000             1.0000000
    1   d
      0.19900000             1.0000000
    1   f
      0.49000000             1.0000000
*
c def2-TZVP
*
    6   s
  13575.3496820              0.22245814352D-03
   2035.2333680              0.17232738252D-02
    463.22562359             0.89255715314D-02
    131.20019598             0.35727984502D-01
     42.853015891            0.11076259931
     15.584185766            0.24295627626
    2   s
      6.2067138508           0.41440263448
      2.5764896527           0.23744968655
    1   s
      0.57696339419          1.0000000
    1   s
      0.22972831358          1.0000000
    1   s
      0.95164440028D-01      1.0000000
    4   p
     34.697232244            0.53333657805D-02
      7.9582622826           0.35864109092D-01
      2.3780826883           0.14215873329
      0.81433208183          0.34270471845
    1   p
      0.28887547253           .46445822433
    1   p
      0.10056823671           .24955789874
    1   d
      1.09700000             1.0000000
    1   d
      0.31800000             1.0000000
    1   f
      0.76100000             1.0000000
*
n def2-TZVP
*
    6   s
  19730.8006470              0.21887984991D-03
   2957.8958745              0.16960708803D-02
    673.22133595             0.87954603538D-02
    190.68249494             0.35359382605D-01
     62.295441898            0.11095789217
     22.654161182            0.24982972552
    2   s
      8.9791477428           0.40623896148
      3.6863002370           0.24338217176
    1   s
      0.84660076805          1.0000000
    1   s
      0.33647133771          1.0000000
    1   s
      0.13647653675          1.0000000
    4   p
     49.200380510            0.55552416751D-02
     11.346790537            0.38052379723D-01
      3.4273972411           0.14953671029
      1.1785525134           0.34949305230
    1   p
      0.41642204972           .45843153697
    1   p
      0.14260826011           .24428771672
    1   d
      1.65400000             1.0000000
    1   d
      0.46900000             1.0000000
    1   f
      1.09300000             1.0000000
*
o def2-TZVP
*
    6   s
  27032.3826310              0.21726302465D-03
   4052.3871392              0.16838662199D-02
    922.32722710             0.87395616265D-02
    261.24070989             0.35239968808D-01
     85.354641351            0.11153519115
     31.035035245            0.25588953961
    2   s
     12.260860728            0.39768730901
      4.9987076005           0.24627849430
    1   s
      1.1703108158           1.0000000
    1   s
      0.46474740994          1.0000000
    1   s
      0.18504536357          1.0000000
    4   p
     63.274954801            0.60685103418D-02
     14.627049379            0.41912575824D-01
      4.4501223456           0.16153841088
      1.5275799647           0.35706951311
    1   p
      0.52935117943           .44794207502
    1   p
      0.17478421270           .24446069663
    1   d
      2.31400000             1.0000000
    1   d
      0.64500000             1.0000000
    1   f
      1.42800000             1.0000000
*
f def2-TZVP
*
    6   s
  35479.1004410              0.21545014888D-03
   5318.4728983              0.16700686527D-02
   1210.4810975              0.86733211476D-02
    342.85518140             0.35049933175D-01
    112.01943181             0.11165320133
     40.714740248            0.25988506647
    2   s
     16.039678111            0.39422966880
      6.5038186740           0.24998238551
    1   s
      1.5440477509           1.0000000
    1   s
      0.61223452862          1.0000000
    1   s
      0.24027979698          1.0000000
    4   p
     80.233900483            0.63685999134D-02
     18.594010743            0.44303143530D-01
      5.6867902653           0.16867248708
      1.9511006294           0.36166346255
    1   p
      0.66970211298           .44202901491
    1   p
      0.21651300410           .24319875730
    1   d
      3.10700000             1.0000000
    1   d
      0.85500000             1.0000000
    1   f
      1.91700000             1.0000000
*
ne def2-TZVP
*
    6   s
  45069.4640220              0.21687155182D-03
   6755.9768656              0.16812736757D-02
   1537.6502864              0.87356062782D-02
    435.51697667             0.35361266922D-01
    142.28655638             0.11321521454
     51.692153804            0.26654653104
    2   s
     20.315870490            0.39631959951
      8.2021942646           0.25582811251
    1   s
      1.9681276278           1.0000000
    1   s
      0.77904756001          1.0000000
    1   s
      0.30229502043          1.0000000
    4   p
     99.782996032            0.65569234163D-02
     23.176124101            0.45888009138D-01
      7.1163945872           0.17331287812
      2.4418711435           0.36475267512
    1   p
      0.83389605766           .43831075171
    1   p
      0.26607311301           .24160029835
    1   d
      4.01400000             1.0000000
    1   d
      1.09600000             1.0000000
    1   f
      2.54400000             1.0000000
*
na def2-TZVP
*
    7   s
  26041.1099270              0.61806342811D-03
   3906.1268548              0.47748604414D-02
    888.97454993             0.24471684829D-01
    251.45497961             0.94755394977D-01
     81.650143512            0.26867496920
     28.904158401            0.47925475440
     10.625782932            0.33248591469
    3   s
     53.769410179            0.19527731872D-01
     16.308243025            0.92648010794D-01
      2.3730384125          -0.39938670172
    2   s
      0.95730772603          1.6428595391
      0.40806460959          0.55692596966
    1   s
      0.49967582329D-01      1.0000000
    1   s
      0.19268616250D-01      1.0000000
    5   p
    138.07979989             0.57951891929D-02
     32.232700393            0.41620846251D-01
      9.9816075360           0.16281916885
      3.4822033928           0.36011784647
      1.2299134620           0.44858979889
    1   p
      0.41743959423           .23040759559
    1   p
      0.0910000              1.0000000
    1   p
      0.0300000              1.0000000
    1   d
      2.6090000              1.0000000
    1   d
      0.4300000              1.0000000
    1   d
      0.1000000              1.0000000
*
mg def2-TZVP
*
    7   s
  31438.3495550              0.60912311326D-03
   4715.5153354              0.47066196465D-02
   1073.1629247              0.24135820657D-01
    303.57238768             0.93628959834D-01
     98.626251042            0.26646742093
     34.943808417            0.47890929917
     12.859785199            0.33698490286
    3   s
     64.876913004            0.19180889307D-01
     19.725520777            0.90913704392D-01
      2.8951804339          -0.39563756125
    2   s
      1.1960454710           1.6827603373
      0.54329451156          0.52141091954
    1   s
      0.10099104092          1.0000000
    1   s
      0.36865728085D-01      1.0000000
    5   p
    179.87189612             0.53799549018D-02
     42.120069376            0.39318014098D-01
     13.120503032            0.15740129476
      4.6257503609           0.35919094128
      1.6695211016           0.45533379310
    1   p
      0.58551012105           .21986432910
    1   p
      0.18914796195          1.0000000
    1   p
      0.53768755187D-01      1.0000000
    1   d
      3.4440000              1.0000000
    1   d
      0.2900000              1.0000000
    1   d
      0.0700000              1.0000000
*
al def2-TZVP
*
    7   s
  37792.5507720              0.57047888709D-03
   5668.0682165              0.44093016538D-02
   1289.8582841              0.22630967411D-01
    364.86596028             0.88025644295D-01
    118.57631515             0.25223701612
     42.024867605            0.45960547169
     15.499501629            0.33277886014
    3   s
     75.208026598            0.19250560190D-01
     23.031408972            0.87906743952D-01
      3.6348797649          -0.34246704535
    2   s
      1.6065049957           1.5106266058
      0.76103394581          0.58071016470
    1   s
      0.16556708849          1.0000000
    1   s
      0.60041577113D-01      1.0000000
    5   p
    452.52303192             0.23110812466D-02
    107.08195049             0.18568641823D-01
     34.131021255            0.87216237035D-01
     12.587037428            0.26902101523
      4.9811919704           0.52128324272
    1   p
      2.0070350900            .60271687494
    1   p
      0.80083714374          1.0000000
    1   p
      0.20178927472          1.0000000
    1   p
      0.57895550392D-01      1.0000000
    2   d
      1.57000000             0.20000000
      0.333000000            1.00000000
    1   d
      0.111000000            1.0000000
    1   f
      0.244000000            1.0000000
*
si def2-TZVP
*
    7   s
  44773.3580780              0.55914765868D-03
   6717.1992104              0.43206040189D-02
   1528.8960325              0.22187096460D-01
    432.54746585             0.86489249116D-01
    140.61505226             0.24939889716
     49.857636724            0.46017197366
     18.434974885            0.34250236575
    3   s
     86.533886111            0.21300063007D-01
     26.624606846            0.94676139318D-01
      4.4953057159          -0.32616264859
    2   s
      2.1035045710           1.3980803850
      1.0106094922           0.63865786699
    1   s
      0.23701751489          1.0000000
    1   s
      0.85703405362D-01      1.0000000
    5   p
    394.47503628             0.26285693959D-02
     93.137683104            0.20556257749D-01
     29.519608742            0.92070262801D-01
     10.781663791            0.25565889739
      4.1626574778           0.42111707185
    1   p
      1.6247972989            .34401746318
    1   p
      0.54306660493          1.0000000
    1   p
      0.20582073956          1.0000000
    1   p
      0.70053487306D-01      1.0000000
    2   d
      2.30300000             0.20000000
      0.476000000            1.00000000
    1   d
      0.160000000            1.0000000
    1   f
      0.336000000            1.0000000
*
p def2-TZVP
*
    7   s
  52426.9992330              0.55207164100D-03
   7863.2660552              0.42678595308D-02
   1789.5227333              0.21931529186D-01
    506.27300165             0.85667168373D-01
    164.60698546             0.24840686605
     58.391918722            0.46336753971
     21.643663201            0.35350558156
    3   s
     99.013837620            0.21895679958D-01
     30.550439817            0.95650470295D-01
      5.4537087661          -0.29454270186
    2   s
      2.6503362563           1.3294381200
      1.2726688867           0.66109396473
    1   s
      0.31645005203          1.0000000
    1   s
      0.11417466938          1.0000000
    5   p
    472.27219248             0.25710623052D-02
    111.58882756             0.20250297999D-01
     35.445936418            0.91580716787D-01
     12.990776875            0.25749454014
      5.0486221658           0.42862899758
    1   p
      1.9934049566            .34359817849
    1   p
      0.66527284430          1.0000000
    1   p
      0.25516832128          1.0000000
    1   p
      0.90357762251D-01      1.0000000
    2   d
      3.12000000             0.20000000
      0.648000000            1.00000000
    1   d
      0.218000000            1.0000000
    1   f
      0.452000000            1.0000000
*
s def2-TZVP
*
    7   s
  60700.9281040              0.54695944225D-03
   9102.6106854              0.42297224557D-02
   2071.4166009              0.21747824159D-01
    586.02476821             0.85100053589D-01
    190.55395021             0.24799128459
     67.630384260            0.46703640406
     25.127306905            0.36434587550
    3   s
    112.57463010             0.21670040240D-01
     34.795554217            0.93602301760D-01
      6.5115556215          -0.26068001422
    2   s
      3.2399032261           1.2842089435
      1.5477160881           0.66036416584
    1   s
      0.40541030112          1.0000000
    1   s
      0.14550651059          1.0000000
    5   p
    564.36716027             0.24796796317D-02
    133.42624379             0.19677930250D-01
     42.468271189            0.89980008258D-01
     15.616527580            0.25705880575
      6.1093988469           0.43515167292
    1   p
      2.4404160198            .34883240595
    1   p
      0.83882201296          1.0000000
    1   p
      0.31288746900          1.0000000
    1   p
      0.10770109004          1.0000000
    2   d
      3.75600000             0.20000000
      0.812000000            1.00000000
    1   d
      0.273000000            1.0000000
    1   f
      0.557000000            1.0000000
*
cl def2-TZVP
*
    7   s
  69507.9909450              0.54314897497D-03
  10426.1568800              0.41990463961D-02
   2373.2334061              0.21592141679D-01
    671.56420071             0.84598850094D-01
    218.41999790             0.24757249724
     77.572249714            0.47016930228
     28.888815277            0.37436370716
    3   s
    127.10527185             0.25182166603D-01
     39.339582961            0.10786112456
      7.6740679989          -0.27408821574
    2   s
      3.8745627630           1.3213875014
      1.8385832573           0.68636955368
    1   s
      0.50229057542          1.0000000
    1   s
      0.17962723420          1.0000000
    5   p
    666.50423284             0.23632663836D-02
    157.64241690             0.18879300374D-01
     50.262520978            0.87206341273D-01
     18.536078105            0.25285612970
      7.2940532777           0.43507154820
    1   p
      2.9433248995            .35026513165
    1   p
      1.0404970818           1.0000000
    1   p
      0.38456415080          1.0000000
    1   p
      0.13069642732          1.0000000
    2   d
      4.61000000             0.20000000
      1.01100000             1.00000000
    1   d
      0.339000000            1.0000000
    1   f
      0.706000000            1.0000000
*
ar def2-TZVP
*
    7   s
  79111.4229980              0.51029325002D-03
  11864.7460090              0.39463036981D-02
   2700.1642973              0.20307073910D-01
    763.95943485             0.79691825214D-01
    248.45150561             0.23420623836
     88.283581000            0.44833849481
     32.948607069            0.36408167400
    3   s
    142.55358000             0.26387407001D-01
     44.163688009            0.11226433999
      8.9524995000          -0.26178922001
    2   s
      4.5546920941           1.3002484998
      2.1444079001           0.67197237009
    1   s
      0.60708777004          1.0000000
    1   s
      0.21651431999          1.0000000
    5   p
    776.77541998             0.22028005003D-02
    183.80107018             0.17694180008D-01
     58.694003175            0.82431293717D-01
     21.701591695            0.24207278863
      8.5821489635           0.42263558251
    1   p
      3.4922679161            .34151806086
    1   p
      1.2637426998           1.0000000
    1   p
      0.46607870005          1.0000000
    1   p
      0.15766003000          1.0000000
    2   d
      5.55100000             0.20000000
      1.23500000             1.00000000
    1   d
      0.412000000            1.0000000
    1   f
      0.890000000            1.0000000
*
$end
