#----------------------------------------------------------------------
# Basis Set Exchange
# Version v0.9
# https://www.basissetexchange.org
#----------------------------------------------------------------------
#   Basis set: STO-5G
# Description: STO-5G Minimal Basis (5 functions/AO)
#        Role: orbital
#     Version: 1  (Data from Gaussian09)
#----------------------------------------------------------------------


$basis
*
h STO-5G
*
    5   s
      0.1738354739D+02       0.2214055312D-01
      0.3185489246D+01       0.1135411520D+00
      0.8897299079D+00       0.3318161484D+00
      0.3037874103D+00       0.4825700713D+00
      0.1144784984D+00       0.1935721966D+00
*
he STO-5G
*
    5   s
      0.3229002972D+02       0.2214055312D-01
      0.5917062849D+01       0.1135411520D+00
      0.1652677933D+01       0.3318161484D+00
      0.5642866953D+00       0.4825700713D+00
      0.2126444063D+00       0.1935721966D+00
*
li STO-5G
*
    5   s
      0.8180871961D+02       0.2214055312D-01
      0.1499123227D+02       0.1135411520D+00
      0.4187158290D+01       0.3318161484D+00
      0.1429654058D+01       0.4825700713D+00
      0.5387473088D+00       0.1935721966D+00
    5   s
      0.3223228319D+01      -0.2940855088D-01
      0.6608022253D+00      -0.6532746883D-01
      0.2105982926D+00       0.1289973181D+00
      0.8186880800D-01       0.6122899938D+00
      0.3487671327D-01       0.3461205655D+00
    5   p
      0.3223228319D+01       0.1255609128D-01
      0.6608022253D+00       0.1075576962D+00
      0.2105982926D+00       0.3735975367D+00
      0.8186880800D-01       0.5102395637D+00
      0.3487671327D-01       0.1568281801D+00
*
be STO-5G
*
    5   s
      0.1531054580D+03       0.2214055312D-01
      0.2805617168D+02       0.1135411520D+00
      0.7836289220D+01       0.3318161484D+00
      0.2675605246D+01       0.4825700713D+00
      0.1008268481D+01       0.1935721966D+00
    5   s
      0.6660499143D+01      -0.2940855088D-01
      0.1365485848D+01      -0.6532746883D-01
      0.4351816281D+00       0.1289973181D+00
      0.1691742165D+00       0.6122899938D+00
      0.7206945827D-01       0.3461205655D+00
    5   p
      0.6660499143D+01       0.1255609128D-01
      0.1365485848D+01       0.1075576962D+00
      0.4351816281D+00       0.3735975367D+00
      0.1691742165D+00       0.5102395637D+00
      0.7206945827D-01       0.1568281801D+00
*
b STO-5G
*
    5   s
      0.2476205830D+03       0.2214055312D-01
      0.4537581925D+02       0.1135411520D+00
      0.1267379054D+02       0.3318161484D+00
      0.4327310989D+01       0.4825700713D+00
      0.1630693199D+01       0.1935721966D+00
    5   s
      0.1133166206D+02      -0.2940855088D-01
      0.2323132823D+01      -0.6532746883D-01
      0.7403846225D+00       0.1289973181D+00
      0.2878200281D+00       0.6122899938D+00
      0.1226134451D+00       0.3461205655D+00
    5   p
      0.1133166206D+02       0.1255609128D-01
      0.2323132823D+01       0.1075576962D+00
      0.7403846225D+00       0.3735975367D+00
      0.2878200281D+00       0.5102395637D+00
      0.1226134451D+00       0.1568281801D+00
*
c STO-5G
*
    5   s
      0.3634637921D+03       0.2214055312D-01
      0.6660378202D+02       0.1135411520D+00
      0.1860291222D+02       0.3318161484D+00
      0.6351737172D+01       0.4825700713D+00
      0.2393572968D+01       0.1935721966D+00
    5   s
      0.1489937290D+02      -0.2940855088D-01
      0.3054558286D+01      -0.6532746883D-01
      0.9734906076D+00       0.1289973181D+00
      0.3784385650D+00       0.6122899938D+00
      0.1612176071D+00       0.3461205655D+00
    5   p
      0.1489937290D+02       0.1255609128D-01
      0.3054558286D+01       0.1075576962D+00
      0.9734906076D+00       0.3735975367D+00
      0.3784385650D+00       0.5102395637D+00
      0.1612176071D+00       0.1568281801D+00
*
n STO-5G
*
    5   s
      0.5029753521D+03       0.2214055312D-01
      0.9216890774D+02       0.1135411520D+00
      0.2574343451D+02       0.3318161484D+00
      0.8789781296D+01       0.4825700713D+00
      0.3312319502D+01       0.1935721966D+00
    5   s
      0.1915050888D+02      -0.2940855088D-01
      0.3926094471D+01      -0.6532746883D-01
      0.1251250012D+01       0.1289973181D+00
      0.4864158475D+00       0.6122899938D+00
      0.2072167222D+00       0.3461205655D+00
    5   p
      0.1915050888D+02       0.1255609128D-01
      0.3926094471D+01       0.1075576962D+00
      0.1251250012D+01       0.3735975367D+00
      0.4864158475D+00       0.5102395637D+00
      0.2072167222D+00       0.1568281801D+00
*
o STO-5G
*
    5   s
      0.6633650320D+03       0.2214055312D-01
      0.1215598939D+03       0.1135411520D+00
      0.3395254695D+02       0.3318161484D+00
      0.1159268248D+02       0.4825700713D+00
      0.4368557869D+01       0.1935721966D+00
    5   s
      0.2549623963D+02      -0.2940855088D-01
      0.5227048852D+01      -0.6532746883D-01
      0.1665865401D+01       0.1289973181D+00
      0.6475950633D+00       0.6122899938D+00
      0.2758802514D+00       0.3461205655D+00
    5   p
      0.2549623963D+02       0.1255609128D-01
      0.5227048852D+01       0.1075576962D+00
      0.1665865401D+01       0.3735975367D+00
      0.6475950633D+00       0.5102395637D+00
      0.2758802514D+00       0.1568281801D+00
*
f STO-5G
*
    5   s
      0.8459160214D+03       0.2214055312D-01
      0.1550118816D+03       0.1135411520D+00
      0.4329592614D+02       0.3318161484D+00
      0.1478286519D+02       0.4825700713D+00
      0.5570738452D+01       0.1935721966D+00
    5   s
      0.3274850335D+02      -0.2940855088D-01
      0.6713853859D+01      -0.6532746883D-01
      0.2139711559D+01       0.1289973181D+00
      0.8317998813D+00       0.6122899938D+00
      0.3543528563D+00       0.3461205655D+00
    5   p
      0.3274850335D+02       0.1255609128D-01
      0.6713853859D+01       0.1075576962D+00
      0.2139711559D+01       0.3735975367D+00
      0.8317998813D+00       0.5102395637D+00
      0.3543528563D+00       0.1568281801D+00
*
ne STO-5G
*
    5   s
      0.1050628320D+04       0.2214055312D-01
      0.1925248709D+03       0.1135411520D+00
      0.5377357209D+02       0.3318161484D+00
      0.1836032943D+02       0.4825700713D+00
      0.6918861252D+01       0.1935721966D+00
    5   s
      0.4177303901D+02      -0.2940855088D-01
      0.8563996840D+01      -0.6532746883D-01
      0.2729353872D+01       0.1289973181D+00
      0.1061019752D+01       0.6122899938D+00
      0.4520022039D+00       0.3461205655D+00
    5   p
      0.4177303901D+02       0.1255609128D-01
      0.8563996840D+01       0.1075576962D+00
      0.2729353872D+01       0.3735975367D+00
      0.1061019752D+01       0.5102395637D+00
      0.4520022039D+00       0.1568281801D+00
*
na STO-5G
*
    5   s
      0.1272699294D+04       0.2214055312D-01
      0.2332187916D+03       0.1135411520D+00
      0.6513967493D+02       0.3318161484D+00
      0.2224114642D+02       0.4825700713D+00
      0.8381298755D+01       0.1935721966D+00
    5   s
      0.6099153786D+02      -0.2940855088D-01
      0.1250403011D+02      -0.6532746883D-01
      0.3985046192D+01       0.1289973181D+00
      0.1549162519D+01       0.6122899938D+00
      0.6599546068D+00       0.3461205655D+00
    5   s
      0.5234160081D+01      -0.2662203391D-01
      0.1425362710D+01      -0.1603484072D+00
      0.5466958003D+00      -0.4779473307D-01
      0.2470647433D+00       0.7275158441D+00
      0.1198867386D+00       0.4123846408D+00
    5   p
      0.6099153786D+02       0.1255609128D-01
      0.1250403011D+02       0.1075576962D+00
      0.3985046192D+01       0.3735975367D+00
      0.1549162519D+01       0.5102395637D+00
      0.6599546068D+00       0.1568281801D+00
    5   p
      0.5234160081D+01      -0.1566883448D-01
      0.1425362710D+01       0.7214920506D-02
      0.5466958003D+00       0.3170854762D+00
      0.2470647433D+00       0.5818821382D+00
      0.1198867386D+00       0.1701799824D+00
*
mg STO-5G
*
    5   s
      0.1518664732D+04       0.2214055312D-01
      0.2782913099D+03       0.1135411520D+00
      0.7772875133D+02       0.3318161484D+00
      0.2653953280D+02       0.4825700713D+00
      0.1000109208D+02       0.1935721966D+00
    5   s
      0.7660203551D+02      -0.2940855088D-01
      0.1570437789D+02      -0.6532746883D-01
      0.5005000048D+01       0.1289973181D+00
      0.1945663390D+01       0.6122899938D+00
      0.8288668887D+00       0.3461205655D+00
    5   s
      0.4939338003D+01      -0.2662203391D-01
      0.1345076974D+01      -0.1603484072D+00
      0.5159023226D+00      -0.4779473307D-01
      0.2331484435D+00       0.7275158441D+00
      0.1131339345D+00       0.4123846408D+00
    5   p
      0.7660203551D+02       0.1255609128D-01
      0.1570437789D+02       0.1075576962D+00
      0.5005000048D+01       0.3735975367D+00
      0.1945663390D+01       0.5102395637D+00
      0.8288668887D+00       0.1568281801D+00
    5   p
      0.4939338003D+01      -0.1566883448D-01
      0.1345076974D+01       0.7214920506D-02
      0.5159023226D+00       0.3170854762D+00
      0.2331484435D+00       0.5818821382D+00
      0.1131339345D+00       0.1701799824D+00
*
al STO-5G
*
    5   s
      0.1783504931D+04       0.2214055312D-01
      0.3268225783D+03       0.1135411520D+00
      0.9128388138D+02       0.3318161484D+00
      0.3116776640D+02       0.4825700713D+00
      0.1174518421D+02       0.1935721966D+00
    5   s
      0.9573793914D+02      -0.2940855088D-01
      0.1962747810D+02      -0.6532746883D-01
      0.6255295786D+01       0.1289973181D+00
      0.2431708270D+01       0.6122899938D+00
      0.1035925576D+01       0.3461205655D+00
    5   s
      0.4939338003D+01      -0.2662203391D-01
      0.1345076974D+01      -0.1603484072D+00
      0.5159023226D+00      -0.4779473307D-01
      0.2331484435D+00       0.7275158441D+00
      0.1131339345D+00       0.4123846408D+00
    5   p
      0.9573793914D+02       0.1255609128D-01
      0.1962747810D+02       0.1075576962D+00
      0.6255295786D+01       0.3735975367D+00
      0.2431708270D+01       0.5102395637D+00
      0.1035925576D+01       0.1568281801D+00
    5   p
      0.4939338003D+01      -0.1566883448D-01
      0.1345076974D+01       0.7214920506D-02
      0.5159023226D+00       0.3170854762D+00
      0.2331484435D+00       0.5818821382D+00
      0.1131339345D+00       0.1701799824D+00
*
si STO-5G
*
    5   s
      0.2069620077D+04       0.2214055312D-01
      0.3792524248D+03       0.1135411520D+00
      0.1059279121D+03       0.3318161484D+00
      0.3616779185D+02       0.4825700713D+00
      0.1362938147D+02       0.1935721966D+00
    5   s
      0.1174912049D+03      -0.2940855088D-01
      0.2408717036D+02      -0.6532746883D-01
      0.7676603919D+01       0.1289973181D+00
      0.2984233180D+01       0.6122899938D+00
      0.1271305244D+01       0.3461205655D+00
    5   s
      0.5234160081D+01      -0.2662203391D-01
      0.1425362710D+01      -0.1603484072D+00
      0.5466958003D+00      -0.4779473307D-01
      0.2470647433D+00       0.7275158441D+00
      0.1198867386D+00       0.4123846408D+00
    5   p
      0.1174912049D+03       0.1255609128D-01
      0.2408717036D+02       0.1075576962D+00
      0.7676603919D+01       0.3735975367D+00
      0.2984233180D+01       0.5102395637D+00
      0.1271305244D+01       0.1568281801D+00
    5   p
      0.5234160081D+01      -0.1566883448D-01
      0.1425362710D+01       0.7214920506D-02
      0.5466958003D+00       0.3170854762D+00
      0.2470647433D+00       0.5818821382D+00
      0.1198867386D+00       0.1701799824D+00
*
p STO-5G
*
    5   s
      0.2377010171D+04       0.2214055312D-01
      0.4355808494D+03       0.1135411520D+00
      0.1216608436D+03       0.3318161484D+00
      0.4153960915D+02       0.4825700713D+00
      0.1565368385D+02       0.1935721966D+00
    5   s
      0.1420038562D+03      -0.2940855088D-01
      0.2911257129D+02      -0.6532746883D-01
      0.9278203935D+01       0.1289973181D+00
      0.3606845464D+01       0.6122899938D+00
      0.1536542648D+01       0.3461205655D+00
    5   s
      0.6169899721D+01      -0.2662203391D-01
      0.1680182656D+01      -0.1603484072D+00
      0.6444316210D+00      -0.4779473307D-01
      0.2912338689D+00       0.7275158441D+00
      0.1413195514D+00       0.4123846408D+00
    5   p
      0.1420038562D+03       0.1255609128D-01
      0.2911257129D+02       0.1075576962D+00
      0.9278203935D+01       0.3735975367D+00
      0.3606845464D+01       0.5102395637D+00
      0.1536542648D+01       0.1568281801D+00
    5   p
      0.6169899721D+01      -0.1566883448D-01
      0.1680182656D+01       0.7214920506D-02
      0.6444316210D+00       0.3170854762D+00
      0.2912338689D+00       0.5818821382D+00
      0.1413195514D+00       0.1701799824D+00
*
s STO-5G
*
    5   s
      0.2705675212D+04       0.2214055312D-01
      0.4958078521D+03       0.1135411520D+00
      0.1384826758D+03       0.3318161484D+00
      0.4728321830D+02       0.4825700713D+00
      0.1781809135D+02       0.1935721966D+00
    5   s
      0.1688372320D+03      -0.2940855088D-01
      0.3461374981D+02      -0.6532746883D-01
      0.1103143472D+02       0.1289973181D+00
      0.4288403291D+01       0.6122899938D+00
      0.1826891286D+01       0.3461205655D+00
    5   s
      0.7182549467D+01      -0.2662203391D-01
      0.1955946707D+01      -0.1603484072D+00
      0.7502005228D+00      -0.4779473307D-01
      0.3390333335D+00       0.7275158441D+00
      0.1645139653D+00       0.4123846408D+00
    5   p
      0.1688372320D+03       0.1255609128D-01
      0.3461374981D+02       0.1075576962D+00
      0.1103143472D+02       0.3735975367D+00
      0.4288403291D+01       0.5102395637D+00
      0.1826891286D+01       0.1568281801D+00
    5   p
      0.7182549467D+01      -0.1566883448D-01
      0.1955946707D+01       0.7214920506D-02
      0.7502005228D+00       0.3170854762D+00
      0.3390333335D+00       0.5818821382D+00
      0.1645139653D+00       0.1701799824D+00
*
cl STO-5G
*
    5   s
      0.3051899039D+04       0.2214055312D-01
      0.5592524558D+03       0.1135411520D+00
      0.1562032070D+03       0.3318161484D+00
      0.5333367723D+02       0.4825700713D+00
      0.2009813137D+02       0.1935721966D+00
    5   s
      0.1973602845D+03      -0.2940855088D-01
      0.4046133326D+02      -0.6532746883D-01
      0.1289506508D+02       0.1289973181D+00
      0.5012878282D+01       0.6122899938D+00
      0.2135522951D+01       0.3461205655D+00
    5   s
      0.7537190517D+01      -0.2662203391D-01
      0.2052522303D+01      -0.1603484072D+00
      0.7872419525D+00      -0.4779473307D-01
      0.3557732304D+00       0.7275158441D+00
      0.1726369035D+00       0.4123846408D+00
    5   p
      0.1973602845D+03       0.1255609128D-01
      0.4046133326D+02       0.1075576962D+00
      0.1289506508D+02       0.3735975367D+00
      0.5012878282D+01       0.5102395637D+00
      0.2135522951D+01       0.1568281801D+00
    5   p
      0.7537190517D+01      -0.1566883448D-01
      0.2052522303D+01       0.7214920506D-02
      0.7872419525D+00       0.3170854762D+00
      0.3557732304D+00       0.5818821382D+00
      0.1726369035D+00       0.1701799824D+00
*
ar STO-5G
*
    5   s
      0.3422894646D+04       0.2214055312D-01
      0.6272364232D+03       0.1135411520D+00
      0.1751916148D+03       0.3318161484D+00
      0.5981703717D+02       0.4825700713D+00
      0.2254130474D+02       0.1935721966D+00
    5   s
      0.2287867606D+03      -0.2940855088D-01
      0.4690415495D+02      -0.6532746883D-01
      0.1494839843D+02       0.1289973181D+00
      0.5811099160D+01       0.6122899938D+00
      0.2475570906D+01       0.3461205655D+00
    5   s
      0.9278606258D+01      -0.2662203391D-01
      0.2526743386D+01      -0.1603484072D+00
      0.9691287610D+00      -0.4779473307D-01
      0.4379721747D+00       0.7275158441D+00
      0.2125234661D+00       0.4123846408D+00
    5   p
      0.2287867606D+03       0.1255609128D-01
      0.4690415495D+02       0.1075576962D+00
      0.1494839843D+02       0.3735975367D+00
      0.5811099160D+01       0.5102395637D+00
      0.2475570906D+01       0.1568281801D+00
    5   p
      0.9278606258D+01      -0.1566883448D-01
      0.2526743386D+01       0.7214920506D-02
      0.9691287610D+00       0.3170854762D+00
      0.4379721747D+00       0.5818821382D+00
      0.2125234661D+00       0.1701799824D+00
*
$end
