#----------------------------------------------------------------------
# Basis Set Exchange
# Version v0.9
# https://www.basissetexchange.org
#----------------------------------------------------------------------
#   Basis set: STO-4G
# Description: STO-4G Minimal Basis (4 functions/AO)
#        Role: orbital
#     Version: 1  (Data from Gaussian09)
#----------------------------------------------------------------------


$basis
*
h STO-4G
*
    4   s
      0.8021420155D+01       0.5675242080D-01
      0.1467821061D+01       0.2601413550D+00
      0.4077767635D+00       0.5328461143D+00
      0.1353374420D+00       0.2916254405D+00
*
he STO-4G
*
    4   s
      0.1489982967D+02       0.5675242080D-01
      0.2726485258D+01       0.2601413550D+00
      0.7574474599D+00       0.5328461143D+00
      0.2513900027D+00       0.2916254405D+00
*
li STO-4G
*
    4   s
      0.3774960873D+02       0.5675242080D-01
      0.6907713307D+01       0.2601413550D+00
      0.1919038397D+01       0.5328461143D+00
      0.6369115922D+00       0.2916254405D+00
    4   s
      0.1487042352D+01      -0.6220714565D-01
      0.3219127620D+00       0.2976804596D-04
      0.1046660300D+00       0.5588549221D+00
      0.4019868296D-01       0.4977673218D+00
    4   p
      0.1487042352D+01       0.4368434884D-01
      0.3219127620D+00       0.2863793984D+00
      0.1046660300D+00       0.5835753141D+00
      0.4019868296D-01       0.2463134378D+00
*
be STO-4G
*
    4   s
      0.7064859542D+02       0.5675242080D-01
      0.1292782254D+02       0.2601413550D+00
      0.3591490662D+01       0.5328461143D+00
      0.1191983464D+01       0.2916254405D+00
    4   s
      0.3072833610D+01      -0.6220714565D-01
      0.6652025433D+00       0.2976804596D-04
      0.2162825386D+00       0.5588549221D+00
      0.8306680972D-01       0.4977673218D+00
    4   p
      0.3072833610D+01       0.4368434884D-01
      0.6652025433D+00       0.2863793984D+00
      0.2162825386D+00       0.5835753141D+00
      0.8306680972D-01       0.2463134378D+00
*
b STO-4G
*
    4   s
      0.1142614157D+03       0.5675242080D-01
      0.2090843133D+02       0.2601413550D+00
      0.5808591172D+01       0.5328461143D+00
      0.1927819192D+01       0.2916254405D+00
    4   s
      0.5227883269D+01      -0.6220714565D-01
      0.1131724554D+01       0.2976804596D-04
      0.3679665118D+00       0.5588549221D+00
      0.1413234948D+00       0.4977673218D+00
    4   p
      0.5227883269D+01       0.4368434884D-01
      0.1131724554D+01       0.2863793984D+00
      0.3679665118D+00       0.5835753141D+00
      0.1413234948D+00       0.2463134378D+00
*
c STO-4G
*
    4   s
      0.1677158132D+03       0.5675242080D-01
      0.3068992749D+02       0.2601413550D+00
      0.8525997914D+01       0.5328461143D+00
      0.2829702061D+01       0.2916254405D+00
    4   s
      0.6873853272D+01      -0.6220714565D-01
      0.1488041742D+01       0.2976804596D-04
      0.4838187237D+00       0.5588549221D+00
      0.1858184120D+00       0.4977673218D+00
    4   p
      0.6873853272D+01       0.4368434884D-01
      0.1488041742D+01       0.2863793984D+00
      0.4838187237D+00       0.5835753141D+00
      0.1858184120D+00       0.2463134378D+00
*
n STO-4G
*
    4   s
      0.2320916748D+03       0.5675242080D-01
      0.4246991702D+02       0.2601413550D+00
      0.1179860800D+02       0.5328461143D+00
      0.3915851928D+01       0.2916254405D+00
    4   s
      0.8835122724D+01      -0.6220714565D-01
      0.1912614496D+01       0.2976804596D-04
      0.6218634049D+00       0.5588549221D+00
      0.2388367062D+00       0.4977673218D+00
    4   p
      0.8835122724D+01       0.4368434884D-01
      0.1912614496D+01       0.2863793984D+00
      0.6218634049D+00       0.5835753141D+00
      0.2388367062D+00       0.2463134378D+00
*
o STO-4G
*
    4   s
      0.3061014831D+03       0.5675242080D-01
      0.5601280012D+02       0.2601413550D+00
      0.1556096922D+02       0.5328461143D+00
      0.5164545794D+01       0.2916254405D+00
    4   s
      0.1176273735D+02      -0.6220714565D-01
      0.2546380246D+01       0.2976804596D-04
      0.8279246515D+00       0.5588549221D+00
      0.3179778633D+00       0.4977673218D+00
    4   p
      0.1176273735D+02       0.4368434884D-01
      0.2546380246D+01       0.2863793984D+00
      0.8279246515D+00       0.5835753141D+00
      0.3179778633D+00       0.2463134378D+00
*
f STO-4G
*
    4   s
      0.3903373501D+03       0.5675242080D-01
      0.7142692596D+02       0.2601413550D+00
      0.1984318216D+02       0.5328461143D+00
      0.6585773774D+01       0.2916254405D+00
    4   s
      0.1510858265D+02      -0.6220714565D-01
      0.3270683961D+01       0.2976804596D-04
      0.1063423219D+01       0.5588549221D+00
      0.4084249000D+00       0.4977673218D+00
    4   p
      0.1510858265D+02       0.4368434884D-01
      0.3270683961D+01       0.2863793984D+00
      0.1063423219D+01       0.5835753141D+00
      0.4084249000D+00       0.2463134378D+00
*
ne STO-4G
*
    4   s
      0.4847992758D+03       0.5675242080D-01
      0.8871229454D+02       0.2601413550D+00
      0.2464524683D+02       0.5328461143D+00
      0.8179535868D+01       0.2916254405D+00
    4   s
      0.1927206888D+02      -0.6220714565D-01
      0.4171989395D+01       0.2976804596D-04
      0.1356471749D+01       0.5588549221D+00
      0.5209749312D+00       0.4977673218D+00
    4   p
      0.1927206888D+02       0.4368434884D-01
      0.4171989395D+01       0.2863793984D+00
      0.1356471749D+01       0.5835753141D+00
      0.5209749312D+00       0.2463134378D+00
*
$end
